--------------------Start Hyperparameter optimize--------------------
Start Time : 2025-01-23 23:08:56.946882

Generation: 1
Start Time : 2025-01-23 23:08:56.959832

Index: 1
img_size : 128
lr : 0.0008299913623123023
weight_decay : 0.0003511197847605407
warmup_proportion : 0.004719282605939532
batch_size : 16
embed_dim : 1024
depth : 20
num_heads : 16
mlp_ratio : 8.0
drop_rate : 0.3
attn_drop_rate : 0.2
drop_path_rate : 0.3
local_up_to_layer : 6
locality_strength : 1.5
decoder_embed_dim : 512
decoder_depth : 12
decoder_num_heads : 8
filter_size : 5
num_filters : 64
Final FID: 332.9758

Index: 2
img_size : 128
lr : 0.000579881386844605
weight_decay : 0.00022987329364057893
warmup_proportion : 0.009124433182697145
batch_size : 32
embed_dim : 768
depth : 10
num_heads : 32
mlp_ratio : 8.0
drop_rate : 0.5
attn_drop_rate : 0.2
drop_path_rate : 0.2
local_up_to_layer : 12
locality_strength : 0.5
decoder_embed_dim : 768
decoder_depth : 4
decoder_num_heads : 4
filter_size : 5
num_filters : 64
Final FID: 427.9405
